0.00003
-0.00003
0
0.00003
0
0
0.00006
0.00009
0.00006
-0.00003
-0.00003
0
-0.00006
-0.00012
-0.00012
0
-0.00006
-0.00006
0
-0.00015
0.00003
-0.00006
0.00003
-0.00012
0.00003
-0.00009
0
-0.00018
-0.00012
-0.00024
0.00009
0.00021
0.00006
0.00012
-0.00009
0.00006
0.00049
-0.0007
0.00034
-0.00064
0.00073
0.00003
0.00073
-0.00089
0.00107
-0.00003
0.00201
-0.00082
-0.01901
-0.02216
0.03217
-0.01813
-0.06876
-0.13572
-0.1406
-0.08582
-0.02283
-0.00888
0.01007
0.05014
-0.00717
0.04868
0.05258
0.14557
0.07767
0.124
0.12708
0.04074
-0.01987
-0.03745
-0.10318
-0.03934
0.03058
-0.06967
-0.0632
-0.09595
-0.06394
-0.06168
-0.08576
0.01996
0.16001
0.11768
0.00034
0.00775
0.0112
-0.01511
-0.0173
-0.0838
-0.06052
-0.02496
-0.00375
0.00876
-0.05402
-0.04404
-0.02045
0.07361
0.09787
0.13425
0.10199
0.05799
0.01178
0.06549
-0.00467
-0.06729
0.02426
0.04108
-0.05997
-0.11438
-0.15186
-0.11206
-0.07736
-0.01645
-0.06015
0.00778
0.03253
0.01053
0.04505
0.10147
0.11563
0.06116
0.15189
0.02704
-0.00558
0.00562
-0.03931
-0.09165
0.02878
-0.01962
-0.02741
-0.02408
-0.08408
-0.06333
-0.08554
-0.07877
0.04886
0.1171
0.07837
-0.00708
0.01157
-0.02118
0.04428
-0.02499
-0.05438
-0.03732
-0.04321
0.0181
-0.02542
-0.05142
-0.00839
0.0062
0.07917
0.10932
0.11609
0.09146
0.03378
-0.00333
0.05155
-0.02054
-0.03055
0.02149
-0.00513
-0.10327
-0.14548
-0.14457
-0.08817
-0.02857
0.01559
-0.02045
0.06888
-0.00952
0.04904
0.0159
0.12522
0.05353
0.1062
0.07773
-0.00507
-0.00345
0.01761
-0.05188
-0.00281
0.0773
-0.03226
-0.09622
-0.10248
-0.05966
-0.03708
-0.0716
-0.01032
0.09058
0.10584
0.01471
0.0123
-0.02078
-0.04569
-0.017
-0.07276
-0.03009
-0.0669
0.02689
0.06247
-0.03296
-0.03134
-0.04807
0.04114
0.09531
0.11454
0.08747
0.04468
0.01587
0.05518
0.05017
-0.05005
-0.03522
0.043
-0.03168
-0.14338
-0.15665
-0.10874
-0.07074
0.00436
-0.00848
0.00745
0.03076
-0.0018
0.02902
0.0593
0.14222
0.04791
0.16712
0.02145
-0.00461
-0.02802
-0.00241
-0.10599
0.01962
-0.03897
-0.0199
-0.0799
-0.08734
-0.02448
-0.02924
-0.06854
0.00827
0.08786
0.02289
-0.01993
0.03403
-0.03159
0.01737
-0.00143
-0.04981
-0.02017
-0.03574
0.05612
-0.00711
-0.05918
0
0.04044
0.09995
0.05628
0.10331
0.04523
0.04395
0.0137
0.05219
0.02206
-0.02707
-0.04645
0.00095
-0.09378
-0.12662
-0.15793
-0.09485
-0.03912
0.03946
-0.02161
0.00388
0.02594
0.01605
0.00049
0.14954
0.08405
0.09763
0.12848
-0.00107
-0.00735
0.00198
-0.04929
-0.01038
0.02075
-0.02551
-0.05972
-0.10938
-0.02054
-0.04541
-0.05841
-0.06479
0.06983
0.0914
0.02216
-0.02814
0.01251
-0.0087
0.00894
-0.05246
-0.04328
-0.0658
-0.0184
0.0495
-0.04254
-0.03803
-0.0014
0.04361
0.09818
0.12986
0.11362
0.07889
0.00519
0.01901
0.04202
-0.00012
-0.07013
0.01337
-0.04462
-0.11618
-0.1015
-0.11069
-0.06992
-0.01544
-0.03253
-0.05902
0.03436
0.01325
0.01108
0.0614
0.11911
0.04474
0.11478
0.02795
-0.02438
0.00504
-0.02332
-0.03104
0.00424
-0.03937
-0.00516
-0.13703
-0.08942
-0.03238
-0.01123
-0.02173
0.04663
0.10584
0.04489
-0.01117
-0.00919
-0.03458
0.03812
-0.02377
-0.13965
-0.07166
-0.04605
0.02902
0.02326
-0.00616
0.05808
0.04608
0.07117
0.04599
0.11789
0.07492
0.04324
-0.00104
0.05823
0.01889
-0.02319
-0.06034
0.01868
-0.06577
-0.12906
-0.14737
-0.09058
-0.02893
0.02472
-0.01248
-0.04382
0.04312
0.00528
0.05463
0.13501
0.06818
0.07074
0.03485
-0.00632
0.00937
0.07117
0.00055
0.03113
0.0213
-0.00888
-0.08298
-0.15128
-0.03546
0.00238
0.00143
-0.03064
0.07761
0.07471
0.00815
-0.00516
-0.05148
-0.01245
0.05756
-0.08097
-0.10135
-0.00476
-0.0325
0.00861
0.01892
-0.00897
0.00995
0.05344
0.0853
0.07361
0.15085
0.07062
0.05466
0.02649
0.06928
0.02164
-0.05243
-0.07694
-0.01779
-0.13285
-0.13605
-0.15638
-0.06476
0.02109
0.02564
-0.08805
-0.06516
0.03085
-0.00134
0.10636
0.1092
0.04501
0.06449
0.00534
-0.02307
0.03531
0.07028
-0.01947
0.02765
-0.04846
-0.02417
-0.12424
-0.11292
-0.02875
0.00943
0.0307
0.00726
0.10669
0.05011
0.03467
-0.0051
-0.06229
0.01035
-0.01486
-0.0893
-0.05069
0.00302
-0.02466
-0.01483
-0.052
-0.01151
0.02429
0.06537
0.0813
0.14145
0.13321
0.00885
0.00552
0.0282
0.06229
0.02408
-0.03949
-0.04352
-0.04321
-0.10736
-0.12873
-0.14127
-0.05365
0.0596
0.01917
-0.12549
-0.00659
0.04984
0.03418
0.17887
0.0173
0.0264
0.03952
-0.02557
-0.00302
0.04822
0.02527
0.05167
0.01318
0.00491
-0.0466
-0.1691
-0.06934
-0.07523
-0.00177
-0.00418
0.07764
0.10791
0.02765
0.03644
-0.02158
-0.01053
0.02271
-0.10074
-0.13266
-0.01715
0.01138
-0.00833
-0.00751
-0.01093
-0.00027
0.04743
0.08893
0.04981
0.11582
0.07678
0.06439
0.03546
0.04123
0.04736
-0.01993
-0.03888
-0.03577
-0.09906
-0.12949
-0.10581
-0.07355
0.0221
0.03626
-0.0087
-0.06842
-0.00876
-0.01263
0.09674
0.15259
0.064
0.01959
-0.02615
-0.00497
0.04596
0.03754
0.04157
0.04877
0.01495
-0.02002
-0.13398
-0.12375
-0.09595
-0.01782
0.06146
0.0401
0.10053
-0.00705
-0.00177
-0.01718
-0.0253
-0.00146
-0.0145
-0.08301
-0.11316
-0.00336
-0.01572
0.00919
0.00681
-0.00598
-0.01334
0.0604
0.08808
0.07697
0.12204
0.0654
0.08155
0.00894
0.02615
-0.039
-0.03867
-0.0491
-0.06479
-0.06922
-0.10837
-0.09839
-0.03385
0.008
-0.01486
-0.03458
-0.04779
-0.00345
0.04251
0.1413
0.09815
0.05249
0.00855
-0.07135
0.02091
0.07007
0.00739
0.04773
0.04416
0.01044
-0.1008
-0.10681
-0.1174
-0.0925
0.02829
0.07392
0.1015
0.09381
-0.03854
0.00574
-0.04343
-0.00668
-0.04901
-0.08383
-0.10099
-0.01898
0.01019
-0.04297
0.00549
-0.01584
-0.00873
-0.00913
0.06928
0.10291
0.1395
0.16138
0.10019
0.09226
0.05774
0.08176
-0.05658
-0.04822
-0.1091
-0.12748
-0.14801
-0.12644
-0.06858
0.01169
0.02948
0.0072
-0.01914
-0.01465
-0.01251
0.0618
0.05429
0.07389
0.06207
-0.03388
-0.07584
0.05631
0.05081
0.06519
0.06641
0.03787
-0.01709
-0.11359
-0.12125
-0.0665
-0.04309
0.01199
0.0654
0.0752
0.02814
0.01483
0.00449
0.00107
0.02249
-0.02371
-0.10181
-0.10944
-0.03858
0.01953
-0.00391
-0.03464
-0.00296
-0.00717
0.03516
0.07099
0.08557
0.12714
0.08768
0.05741
0.04086
0.02029
0.01218
-0.04801
-0.03641
-0.08893
-0.10178
-0.09449
-0.06568
-0.00018
0.02588
0.01535
-0.03616
0.00519
-0.06345
0.02561
0.05713
0.07575
0.04987
-0.00314
-0.01556
-0.05673
0.03308
0.05786
0.10114
0.00406
0.03308
-0.04926
-0.14942
-0.07743
-0.07514
-0.00357
0.02841
0.11051
0.09165
-0.00058
0.01526
-0.03778
-0.00284
-0.02158
-0.05325
-0.13913
-0.06876
-0.0065
0.0397
-0.00665
0.00894
-0.01221
-0.03848
0.0636
0.06565
0.06751
0.1167
0.09482
0.04877
0.04346
0.03082
0.01505
-0.06293
-0.07389
-0.12473
-0.08185
-0.07691
-0.00558
0.00311
0.03949
-0.0105
-0.04138
-0.02908
-0.04556
0.06302
0.07016
0.06082
-0.00436
-0.03116
-0.05225
0.01816
0.07999
0.07978
0.05289
0.02322
0.01483
-0.09421
-0.15738
-0.07273
-0.03323
0.01749
0.03854
0.1045
0.02832
0.0206
0.00082
0.02454
0.00797
-0.01184
-0.03543
-0.10916
-0.06607
-0.05072
0.00848
0.01263
0.02228
-0.04175
-0.0014
0.06421
0.08103
0.06864
0.0885
0.02982
0.04727
-0.00522
-0.00708
-0.01251
-0.0296
-0.06915
-0.06626
-0.02945
-0.0221
-0.00092
0.01679
0.00913
-0.01166
-0.00339
-0.01483
-0.01358
-0.00073
0.03085
0.02841
0.00562
-0.0004
-0.00012
0
0
0
0